170
40
566
51
851
608
929
274
6
769
70
2
353
360
532
249
393
775
774
308
191
296
148
179
309
743
76
667
157
978
624
59
428
293
78
588
890
543
849
319
637
263
988
873
366
810
836
612
496
802
794
850
566
789
668
909
386
782
705
241
885
589
274
858
258
535
247
632
133
826
684
459
199
227
470
84
832
170
290
429
582
535
167
252
643
876
794
425
266
982
661
436
221
583
791
579
505
36
202
164
158
929
534
515
825
376
36
105
439
113
189
161
887
676
840
617
594
213
487
717
206
375
568
77
304
338
714
734
12
189
377
631
639
806
874
484
96
604
372
821
482
467
513
710
326
944
255
414
805
388
516
572
105
623
793
722
358
898
557
559
121
192
617
288
340
207
444
630
624
679
194
826
175
207
612
325
597
140
75
802
412
597
420
509
208
269
742
479
773
816
875
747
167
710
1
151
163
744
287
268
332
543
29
759
239
569
787
347
348
412
360
247
193
202
614
275
734
692
486
100
951
352
470
855
556
654
637
429
206
491
181
595
117
903
616
307
653
411
732
603
168
997
954
98
629
441
296
897
455
549
526
635
41
385
486
923
961
190
805
842
751
13
998
765
669
19
893
725
809
633
192
604
574
64
483
340
65
172
715
549
622
726
39
822
80
38
160
609
79
878
564
933
670
316
589
126
224
942
277
673
953
310
524
704
442
515
152
519
202
428
807
193
575
460
799
557
316
345
472
784
418
780
47
742
169
245
27
638
344
270
248
200
749
965
139
642
130
482
871
872
419
591
703
896
773
648
282
232
817
697
668
837
597
863
566
965
988
778
792
896
754
520
942
327
70
245
776
158
787
477
896
327
456
787
3
344
297
737
852
499
840
556
328
671
684
977
199
785
772
797
978
314
982
723
438
21
406
305
341
596
173
543
982
176
192
814
609
752
441
212
813
574
300
203
462
618
587
781
436
513
550
246
360
374
326
714
901
938
734
367
322
747
416
526
974
367
64
145
590
994
319
408
91
980
81
357
316
185
81
402
151
119
303
21
60
305
362
660
259
47
346
713
697
928
641
666
240
389
523
598
806
650
195
391
338
752
73
354
730
927
395
521
893
716
77
764
743
829
562
71
383
89
141
787
949
232
308
847
926
256
836
542
785
14
115
695
833
868
454
256
724
115
533
900
827
44
527
667
220
228
204
848
891
90
47
675
317
539
756
748
391
229
206
903
988
484
533
809
350
328
92
698
513
694
449
496
532
87
880
760
427
294
868
237
795
304
58
852
314
540
464
186
898
495
311
272
753
546
936
867
831
216
593
474
96
983
644
654
663
39
251
576
816
811
27
808
876
766
567
552
166
713
38
697
447
560
737
298
57
272
960
350
90
431
281
100
607
707
49
765
304
339
494
859
907
56
386
714
421
136
712
507
170
557
245
69
615
613
54
827
103
924
311
267
966
363
365
740
784
526
748
11
994
152
610
243
961
207
744
989
960
773
71
740
486
412
983
336
33
922
439
354
729
986
320
779
673
931
914
672
239
843
124
93
937
639
718
12
228
458
431
371
853
742
52
471
160
635
57
599
952
508
890
977
825
657
863
841
538
897
202
878
164
616
716
503
198
964
661
63
973
633
148
474
874
667
69
955
307
930
924
460
806
33
139
103
779
875
801
401
71
806
842
880
365
396
22
414
482
229
431
189
96
920
413
313
699
390
37
663
251
928
121
415
665
191
695
740
199
272
450
398
760
894
1000
696
789
457
834
628
506
698
423
824
833
642
85
26
751
577
659
422
375
466
133
567
763
925
599
166
674
722
199
916
118
780
493
832
214
763
725
289
678
999
772
5
854
168
771
256
419
430
657
107
353
727
211
534
360
247
691
710
151
633
268
806
942
11
708
519
210
612
242
217
460
474
138
158
910
487
721
271
517
698
898
21
73
755
131
491
581
381
921
218
882
537
472
854
316
949
886
512
550
106
563
737
812
270
212
688
637
317
158
119
998
937
195
579
550
547
506
487
270
547
928
298
899
555
708
284
201
822
610
533
810
552
942
601
928
537
780
188
163
972
86
297
843
64
264
919
235
389
716
459
268
448
92
951
284
298
717
97
915
376
366
147
803
727
783
456
910
666
55
880
882
643
92
742
921
264
605
115
307
133
987
728
323
265
364
95
788
715
725
951
73
203
492
339
532
814
725
256
970
917
765
701
403
738
698
320
494
242
286
721
425
196
372
25
627
487
610
28
230
640
571
307
590
595
497
116
916
619
142
588
997
95
802
647
372
276
362
546
829
684
26
431
499
97
653
824
849
361
981
575
553
404
812
291
2
559
581
467
112
515
718
455
414
286
51
425
404
58
233
484
298
803
787
633
211
497
291
245
661
213
808
10
376
53
702
347
479
816
575
119
671
306
577
444
95
26
673
969
434
687
122
361
30
289
662
722
285
69
970
638
47
344
436
892
543
514
925
945
719
6
279
574
568
963
642
521
647
41
152
712
189
483
871
775
879
332
227
316
813
271
424
160
173
496
426
960
307
434
333
155
97
558
135
307
519
62
660
610
46
546
856
853
977
960
21
104
859
863
17
929
384
51
176
640
111
868
16
256
342
886
862
717
456
807
792
269
360
540
982
26
605
475
604
536
746
232
729
536
404
440
464
660
269
520
126
681
860
729
10
205
415
443
204
246
338
893
101
967
663
866
223
17
365
791
965
519
16
702
399
546
624
523
220
114
746
101
795
108
150
600
919
697
97
416
133
335
951
509
989
884
565
828
188
761
895
859
41
302
115
973
941
856
700
818
806
320
676
460
63
450
143
311
258
181
70
573
903
299
594
189
411
498
765
812
542
150
660
226
762
896
55
692
511
712
41
878
949
716
169
40
42
70
658
299
771
852
157
45
378
22
818
962
46
775
874
430
978
526
334
641
163
731
216
940
242
723
953
553
387
817
929
571
22
127
542
933
79
473
343
814
467
660
428
515
887
748
124
184
736
654
136
23
714
775
709
360
645
712
192
615
520
218
931
427
669
875
84
89
426
445
668
365
21
203
466
214
230
840
42
812
374
775
295
155
886
872
450
530
26
664
960
631
105
345
70
730
375
410
200
933
72
563
493
805
900
956
396
447
155
963
521
972
249
268
833
175
149
416
834
460
768
284
363
570
120
1
10
731
344
617
455
861
468
559
623
854
404
549
566
431
143
305
621
156
731
992
384
954
35
890
176
471
971
851
493
127
943
487
381
127
812
374
964
77
272
784
738
862
475
896
465
580
261
813
150
75
425
908
5
796
698
425
268
546
923
434
68
217
603
41
103
588
950
931
207
973
918
215
534
240
514
190
623
166
199
983
473
291
426
137
130
758
577
10
623
676
419
407
669
461
910
505
846
878
274
83
849
324
207
927
790
255
482
446
904
425
873
722
415
337
965
731
128
117
267
836
25
709
40
225
723
920
293
607
566
775
40
241
270
141
544
411
941
376
151
724
618
497
318
852
436
65
432
463
349
570
164
557
79
994
878
478
291
529
441
581
926
354
351
900
726
221
711
99
984
634
478
666
996
290
557
375
179
54
614
527
55
303
133
196
840
682
232
889
436
86
788
340
360
21
82
586
652
603
260
819
420
431
19
124
254
982
59
343
70
757
557
239
88
55
460
819
281
385
833
750
13
557
89
670
170
480
702
154
404
393
983
734
229
290
535
192
256
17
360
150
117
77
918
935
445
285
966
157
729
368
864
673
421
741
882
286
621
472
224
86
512
347
744
40
515
169
823
487
551
956
854
77
615
725
930
608
509
123
997
470
854
125
813
333
59
536
874
916
710
809
939
660
609
974
725
314
262
877
387
457
982
979
338
130
39
499
981
161
326
362
875
567
622
670
43
418
626
322
942
856
98
768
153
252
48
845
755
788
667
546
835
49
463
174
253
155
714
652
448
559
936
861
409
737
629
629
251
867
713
236
215
174
806
800
507
214
66
76
537
799
619
403
776
521
363
152
671
722
895
445
649
66
283
119
944
731
250
375
449
492
326
425
652
861
930
957
2
498
820
558
270
743
648
375
799
500
399
110
603
194
202
196
132
784
25
218
953
880
340
646
889
745
967
35
365
481
45
78
866
90
891
922
340
13
653
899
901
284
688
300
261
882
949
862
659
750
222
781
254
27
943
282
511
296
776
555
662
924
271
514
505
378
804
973
980
944
363
595
539
691
557
351
927
464
576
648
942
467
35
815
9
793
612
514
75
789
638
480
946
627
28
845
852
869
54
280
236
785
940
189
979
71
427
770
130
146
716
90
5
604
259
903
678
642
471
778
79
17
118
180
831
17
619
488
785
739
497
621
504
488
997
380
126
857
479
254
200
488
669
962
367
359
62
827
608
93
250
598
9
173
663
407
93
839
293
896
59
870
40
278
628
484
807
37
340
885
94
792
704
251
274
566
784
502
785
639
456
612
280
755
355
988
685
395
201
282
674
218
476
195
290
492
319
172
355
647
549
191
752
456
767
124
131
186
318
260
59
165
442
124
822
9
468
588
126
438
445
234
351
307
624
3
358
866
78
668
687
305
614
326
35
996
485
345
395
351
732
797
417
712
682
748
697
545
990
162
845
834
946
182
484
99
981
576
686
743
731
53
88
970
698
857
19
434
984
660
372
700
824
460
127
117
236
405
348
810
568
401
484
663
710
485
486
520
559
27
856
532
179
6
994
36
219
666
701
648
342
579
776
616
781
977
492
656
664
984
680
610
794
161
395
902
406
482
607
119
341
788
963
132
976
64
533
782
259
696
807
715
335
494
510
456
832
698
570
771
760
598
771
625
863
930
903
726
179
833
801
429
234
875
96
776
44
693
330
691
400
393
260
317
893
206
434
873
926
557
302
271
43
721
806
332
81
317
243
30
680
648
206
847
432
558
638
737
980
472
426
724
154
747
90
407
301
888
639
297
227
498
180
546
352
935
137
62
7
440
561
877
834
908
726
169
182
449
569
113
880
806
322
447
319
238
165
240
433
790
158
578
130
136
491
364
468
386
959
477
741
828
671
6
908
911
747
222
280
543
531
223
71
467
121
789
64
51
485
768
3
352
251
777
585
620
343
68
248
721
803
787
910
218
489
185
537
456
976
917
459
651
91
680
689
532
804
552
477
246
104
262
732
71
766
507
103
12
160
231
386
480
665
609
100
472
52
937
327
312
618
773
568
263
350
659
403
243
610
892
666
151
634
235
512
547
991
854
837
638
818
727
136
593
152
319
608
998
374
520
694
782
34
621
679
897
800
660
682
742
758
517
391
637
727
167
793
161
501
10
705
772
559
490
966
676
342
792
981
980
295
928
154
537
657
694
568
866
523
141
586
569
1000
434
702
729
280
587
936
144
920
218
356
470
743
367
984
371
556
96
857
94
220
466
919
775
935
611
121
450
941
781
779
476
479
931
681
234
803
168
235
735
382
834
662
952
914
327
367
230
53
47
757
281
636
856
390
20
356
412
224
964
840
12
7
423
469
880
201
214
774
867
841
229
374
405
666
801
762
362
431
342
451
899
245
647
60
583
423
811
692
767
219
444
195
992
178
267
409
466
803
793
104
699
988
741
752
517
771
559
349
739
680
63
323
294
387
161
391
437
113
233
642
852
72
391
74
659
444
759
24
390
233
636
549
70
144
723
28
715
637
208
239
589
342
177
780
823
964
479
501
716
637
177
690
916
842
689
370
644
63
243
94
777
422
306
187
862
380
374
890
194
464
791
437
814
150
152
205
606
894
964
254
999
581
236
575
441
190
921
83
643
232
96
823
356
355
736
138
286
393
498
824
702
638
337
282
88
425
620
667
928
708
654
124
845
469
732
451
897
829
965
867
626
201
741
115
326
556
753
653
690
364
773
76
408
655
726
812
914
244
457
738
357
326
700
652
382
154
38
988
53
24
460
626
76
174
871
412
453
328
978
306
918
60
433
669
335
479
521
734
113
586
9
672
347
506
644
359
34
414
932
827
55
252
135
238
526
987
823
612
230
20
116
686
511
853
31
100
878
42
84
986
570
618
49
430
387
490
640
903
461
214
344
899
151
76
143
815
923
637
343
297
973
921
723
451
484
408
26
835
776
837
296
866
726
487
954
738
716
32
650
999
282
805
747
351
313
357
883
158
748
919
655
727
629
66
479
64
176
610
294
598
271
399
63
746
447
17
505
355
118
904
233
739
333
363
452
943
340
254
512
863
938
555
218
88
517
969
658
583
942
339
311
366
109
151
740
623
65
250
577
477
641
227
855
202
929
325
615
276
804
153
916
794
22
921
464
77
574
250
464
834
734
506
261
336
620
399
442
243
248
347
472
650
381
192
365
409
750
997
564
563
109
76
805
496
55
427
518
755
542
598
810
489
59
782
537
920
264
977
86
177
79
631
771
747
384
925
131
776
469
536
23
564
45
304
438
911
814
786
857
644
40
511
415
482
602
626
67
679
11
570
24
851
747
104
997
210
281
839
8
849
635
123
116
551
561
449
325
49
840
911
703
971
522
213
647
67
264
21
686
719
318
802
566
58
741
225
46
470
487
433
250
316
707
458
577
931
428
726
337
96
116
143
169
527
38
288
722
236
229
327
290
951
498
941
371
462
519
959
717
864
250
662
156
19
807
907
930
417
260
105
577
38
247
615
323
65
678
573
731
492
566
9
2
21
135
2
866
139
639
159
218
873
710
488
904
459
750
432
841
827
326
584
140
519
970
814
458
863
626
224
816
433
988
849
527
54
734
624
451
496
529
797
183
299
477
609
925
728
195
638
970
585
199
608
64
515
194
988
997
721
839
350
730
427
470
318
875
99
523
922
386
212
154
558
938
25
788
549
470
201
339
603
639
614
758
434
684
20
928
727
756
505
447
523
706
809
483
371
377
744
626
754
262
848
916
86
794
102
470
93
799
914
902
191
976
955
347
134
754
755
573
959
933
462
726
623
769
370
458
32
474
164
517
244
729
997
572
971
320
313
963
908
532
434
40
160
328
669
516
24
867
392
147
766
47
767
959
546
948
645
136
636
853
767
438
511
59
381
282
699
440
688
359
794
106
645
102
931
34
432
524
347
805
504
820
110
490
444
580
360
525
465
549
71
157
471
805
300
52
434
660
566
736
526
412
420
736
178
785
656
159
251
988
829
5
292
90
782
570
948
731
713
641
552
425
309
371
445
684
974
60
979
750
209
82
255
967
319
492
862
348
697
559
408
216
670
573
261
799
523
906
679
867
47
773
110
36
823
449
543
246
738
130
982
662
54
580
164
724
172
22
252
101
306
17
114
789
349
581
554
466
313
100
130
95
482
18
166
664
240
270
255
132
818
367
623
159
201
551
224
377
196
941
300
840
900
948
430
356
611
610
48
44
30
653
577
50
333
938
471
557
55
931
79
791
261
48
755
567
563
805
122
533
351
925
775
219
761
125
576
769
637
111
427
836
614
895
194
799
722
330
767
62
656
911
204
881
394
136
217
650
588
602
636
210
929
386
669
657
2
451
462
222
849
684
665
466
294
3
720
173
467
759
591
670
500
140
367
71
397
999
557
542
400
212
886
802
327
735
5
251
141
635
299
615
175
303
118
636
97
663
128
826
227
402
224
591
200
964
91
132
797
108
849
878
779
570
708
611
894
130
153
249
925
975
764
926
557
176
779
374
161
646
292
451
257
122
337
954
420
524
50
205
518
541
863
9
915
479
643
983
169
991
93
25
51
972
322
491
512
333
625
358
844
2
655
138
87
114
82
212
397
907
248
51
299
899
740
436
50
401
459
173
614
900
66
993
867
807
625
522
887
47
131
555
441
735
64
691
663
789
507
622
700
123
610
462
363
835
531
701
249
740
620
547
744
88
897
532
435
689
116
182
793
708
359
206
310
812
106
31
733
493
572
97
908
837
874
914
742
706
593
230
425
330
649
642
250
619
847
372
543
254
436
220
186
105
246
823
167
29
661
495
440
217
43
343
324
102
334
431
145
869
454
991
590
676
182
738
388
418
281
897
127
488
84
522
462
160
80
282
706
861
592
281
760
224
318
960
981
20
955
831
240
125
242
896
733
664
711
500
562
387
894
1
436
613
175
192
361
506
639
430
274
232
858
549
287
653
824
695
506
87
565
422
25
598
43
756
458
335
221
783
379
175
277
418
879
703
566
213
757
151
577
974
348
857
605
462
512
114
677
56
370
261
152
983
350
341
767
938
196
254
894
923
110
741
656
177
549
265
47
882
499
144
464
323
4
657
762
780
899
545
745
892
599
579
630
140
418
223
861
71
516
510
391
813
896
965
889
905
345
10
758
634
880
650
665
899
657
759
788
83
870
19
528
271
439
896
552
441
395
884
26
662
48
82
970
442
452
987
241
957
70
112
772
580
194
848
868
740
952
382
520
446
70
941
274
379
460
5
659
253
293
584
566
743
250
48
896
457
189
237
670
611
403
941
891
759
716
278
539
28
295
463
831
747
528
39
693
524
253
168
980
382
231
458
147
889
586
697
357
430
862
639
274
374
89
223
722
753
707
651
13
3
379
219
649
609
639
47
737
927
564
598
635
2
977
538
681
926
457
579
30
487
374
976
143
524
952
201
98
315
862
96
506
538
419
189
358
984
887
629
342
299
365
598
526
298
840
590
858
225
225
732
3
319
365
312
115
739
578
768
617
33
474
557
877
274
231
86
271
574
503
260
562
232
366
852
385
107
857
592
539
649
981
172
659
618
477
16
3
780
934
170
707
266
319
266
897
221
748
764
131
651
905
405
322
110
515
453
448
918
894
618
186
629
895
574
656
680
471
368
265
703
220
63
346
142
690
269
870
30
493
402
681
464
584
319
994
995
715
867
265
742
27
319
65
599
537
240
955
572
729
741
518
964
28
370
557
620
65
161
436
848
51
936
226
164
648
685
452
685
821
927
173
15
240
799
767
588
23
867
222
159
721
513
957
34
365
27
701
70
981
472
673
603
500
704
774
442
799
974
908
963
724
157
496
126
132
899
892
622
644
921
426
902
428
818
78
501
828
313
47
805
183
595
871
656
148
996
228
72
905
445
504
717
580
822
35
248
768
376
797
549
828
51
518
807
891
472
624
772
17
515
716
639
417
479
599
861
963
637
200
806
736
485
847
583
386
277
884
616
667
499
122
182
657
589
890
76
774
308
197
185
673
730
121
220
806
467
317
822
424
610
663
253
269
6
173
840
413
492
601
865
599
554
918
959
424
395
703
550
646
956
106
438
104
972
847
742
3
829
524
857
168
307
113
679
398
284
747
779
660
519
639
45
409
966
811
262
519
696
441
164
791
882
383
155
823
735
825
372
571
212
453
264
710
449
850
925
482
449
691
135
936
997
273
872
426
452
364
34
69
831
58
450
382
395
469
154
169
677
471
33
290
630
870
218
876
610
283
994
295
926
961
564
942
318
234
117
928
820
466
215
30
477
691
351
971
943
124
652
691
903
338
702
49
22
981
403
120
535
297
483
612
71
356
145
456
158
279
393
797
685
972
511
653
829
743
947
378
634
46
48
540
497
191
539
893
220
388
151
706
574
832
159
834
970
859
221
35
547
824
252
981
672
103
570
243
379
379
980
627
667
343
508
958
615
303
837
370
567
356
156
809
958
309
391
590
373
512
22
480
789
307
289
455
268
567
341
986
459
248
756
621
570
198
340
560
957
744
45
768
147
939
421
872
542
599
372
246
465
226
426
599
261
303
423
815
313
974
885
37
126
810
414
566
967
51
904
667
778
568
704
976
112
917
491
682
575
932
220
197
660
952
385
171
617
915
335
459
965
223
386
531
741
702
56
109
422
711
716
508
719
831
292
242
897
277
64
882
313
822
325
680
867
337
279
901
1
884
632
849
436
901
761
42
61
530
630
519
332
574
720
726
873
109
713
988
447
154
672
685
894
66
17
16
412
153
931
936
829
877
566
404
215
209
380
343
932
390
672
733
969
718
637
554
318
661
421
725
608
25
101
22
415
336
362
549
115
621
349
564
847
627
452
96
477
194
880
603
813
313
474
674
272
924
806
363
736
623
286
754
862
597
802
983
132
763
572
235
891
912
342
772
176
396
92
30
158
89
793
787
327
124
480
760
568
672
254
81
727
787
228
11
422
173
150
520
890
563
706
933
587
886
907
633
203
870
511
335
207
698
478
788
444
713
12
210
293
585
663
202
177
936
247
568
94
256
436
193
988
621
641
162
43
129
165
334
698
729
883
771
755
121
477
101
998
885
446
450
556
857
184
233
836
4
857
143
446
8
452
698
719
567
659
321
430
688
822
637
802
254
444
113
672
597
288
126
864
213
400
41
607
755
895
797
162
68
805
810
244
661
575
469
6
361
994
465
580
149
540
15
498
873
7
259
787
668
523
994
776
981
261
165
919
13
295
3
617
345
267
651
266
400
810
280
290
315
638
101
115
578
721
40
741
158
762
577
889
404
691
756
274
637
437
370
865
166
999
109
494
341
884
634
225
940
62
630
147
323
707
5
634
386
776
58
40
692
743
680
666
706
218
865
249
184
993
145
228
872
665
67
766
483
496
979
234
789
332
278
549
478
812
173
737
499
300
490
672
262
332
898
977
868
659
256
842
49
948
123
801
413
988
950
246
631
4
264
225
861
195
566
806
4
886
286
918
459
37
613
687
625
704
294
752
549
278
102
6
12
296
610
844
697
666
120
113
519
445
238
462
212
861
828
692
518
821
921
809
300
47
969
498
764
16
33
142
522
906
782
271
390
524
974
563
188
980
545
38
378
77
229
449
234
102
543
173
594
665
244
579
152
211
248
111
719
534
665
597
198
372
671
718
821
276
740
497
251
704
285
375
523
179
241
711
657
812
593
961
723
711
628
321
274
435
815
827
736
42
127
172
968
698
116
500
555
114
664
987
321
799
192
257
259
22
561
694
325
113
361
991
492
942
163
369
361
312
255
710
261
924
952
237
36
417
43
101
951
303
306
689
779
301
946
225
415
117
593
170
785
291
277
833
304
108
584
196
511
215
792
999
269
856
988
248
746
25
414
688
542
580
679
539
754
748
116
290
389
721
804
677
582
506
498
388
229
713
220
97
459
41
2
119
331
888
170
908
846
319
349
448
77
986
401
352
842
951
473
996
84
376
864
564
397
235
767
766
861
58
465
257
898
895
407
636
805
521
366
582
771
372
90
49
256
451
125
135
231
29
642
82
3
281
307
726
303
619
616
470
207
35
72
903
200
494
1000
546
333
280
622
747
794
496
225
325
681
192
840
529
909
202
698
748
254
831
346
735
745
573
557
636
879
705
652
887
251
195
25
338
934
150
741
975
992
610
366
757
808
169
