170
40
566
51
851
608
929
274
6
769
70
2
353
360
532
249
393
775
774
308
191
296
148
179
309
743
76
667
157
978
624
59
428
293
78
588
890
543
849
319
637
263
988
873
366
810
836
612
496
802
794
850
566
789
668
909
386
782
705
241
885
589
274
858
258
535
247
632
133
826
684
459
199
227
470
84
832
170
290
429
582
535
167
252
643
876
794
425
266
982
661
436
221
583
791
579
505
36
202
164
158
929
534
515
825
376
36
105
439
113
189
161
887
676
840
617
594
213
487
717
206
375
568
77
304
338
714
734
12
189
377
631
639
806
874
484
96
604
372
821
482
467
513
710
326
944
255
414
805
388
516
572
105
623
793
722
358
898
557
559
121
192
617
288
340
207
444
630
624
679
194
826
175
207
612
325
597
140
75
802
412
597
420
509
208
269
742
479
773
816
875
747
167
710
1
151
163
744
287
268
332
543
29
759
239
569
787
347
348
412
360
247
193
202
614
275
734
692
486
100
951
352
470
855
556
654
637
429
206
491
181
595
117
903
616
307
653
411
732
603
168
997
954
98
629
441
296
897
455
549
526
635
41
385
486
923
961
190
805
842
751
13
998
765
669
19
893
725
809
633
192
604
574
64
483
340
65
172
715
549
622
726
39
822
80
38
160
609
79
878
564
933
670
316
589
126
224
942
277
673
953
310
524
704
442
515
152
519
202
428
807
193
575
460
799
557
316
345
472
784
418
780
47
742
169
245
27
638
344
270
248
200
749
965
139
642
130
482
871
872
419
591
703
896
773
648
282
232
817
697
668
837
597
863
566
965
988
778
792
896
754
520
942
327
70
245
776
158
787
477
896
327
456
787
3
344
297
737
852
499
840
556
328
671
684
977
199
785
772
797
978
314
982
723
438
21
406
305
341
596
173
543
982
176
192
814
609
752
441
212
813
574
300
203
462
618
587
781
436
513
550
246
360
374
326
714
901
938
734
367
322
747
416
526
974
367
64
145
590
994
319
408
91
980
81
357
316
185
81
402
151
119
303
21
60
305
362
660
259
47
346
713
697
928
641
666
240
389
523
598
806
650
195
391
338
752
73
354
730
927
395
521
893
716
77
764
743
829
562
71
383
89
141
787
949
232
308
847
926
256
836
542
785
14
115
695
833
868
454
256
724
115
533
900
827
44
527
667
220
228
204
848
891
90
47
675
317
539
756
748
391
229
206
903
988
484
533
809
350
328
92
698
513
694
449
496
532
87
880
760
427
294
868
237
795
304
58
852
314
540
464
186
898
495
311
272
753
546
936
867
831
216
593
474
96
983
644
654
663
39
251
576
816
811
27
808
876
766
567
552
166
713
38
697
447
560
737
298
57
272
960
350
90
431
281
100
607
707
49
765
304
339
494
859
907
56
386
714
421
136
712
507
170
557
245
69
615
613
54
827
103
924
311
267
966
363
365
740
784
526
748
11
994
152
610
243
961
207
744
989
960
773
71
740
486
412
983
336
33
922
439
354
729
986
320
779
673
931
914
672
239
843
124
93
937
639
718
12
228
458
431
371
853
742
52
471
160
635
57
599
952
508
890
977
825
657
863
841
538
897
202
878
164
616
716
503
198
964
661
63
973
633
148
474
874
667
69
955
307
930
924
460
806
33
139
103
779
875
801
401
71
806
842
880
365
396
22
414
482
229
431
189
96
920
413
313
699
390
37
663
251
928
121
415
665
191
695
740
199
272
450
398
760
894
1000
696
789
457
834
628
506
698
423
824
833
642
85
26
751
577
659
422
375
466
133
567
763
925
599
166
674
722
199
916
118
780
493
832
214
763
725
289
678
999
772
5
854
168
771
256
419
430
657
107
353
727
211
534
360
247
691
710
151
633
268
806
942
11
708
519
210
612
242
217
460
474
138
158
910
487
721
271
517
698
898
21
73
755
131
491
581
381
921
218
882
537
472
854
316
949
886
512
550
106
563
737
812
270
212
688
637
317
158
119
998
937
195
579
550
547
506
487
270
547
928
298
899
555
708
284
201
822
610
533
810
552
942
601
928
537
780
188
163
972
86
297
843
64
264
919
235
389
716
459
268
448
92
951
284
298
717
97
915
376
366
147
803
727
783
456
910
666
55
880
882
643
92
742
921
264
605
115
307
133
987
728
323
265
364
95
788
715
725
951
73
203
492
339
532
814
725
256
970
917
765
701
403
738
698
320
494
242
286
721
425
196
372
25
627
487
610
28
230
640
571
307
590
595
497
116
916
619
142
588
997
95
802
647
372
276
362
546
829
684
26
431
499
97
653
824
849
361
981
575
553
404
812
291
2
559
581
467
112
515
718
455
414
286
51
425
404
58
233
484
298
803
787
633
211
497
291
245
661
213
808
10
376
53
702
347
479
816
575
119
671
306
577
444
95
26
673
969
434
687
122
361
30
289
662
722
285
69
970
638
47
344
436
892
543
514
925
945
719
6
279
574
568
963
642
521
647
41
152
712
189
483
871
775
879
332
227
316
813
271
424
160
173
496
426
960
307
434
333
155
97
558
135
307
519
62
660
610
46
546
856
853
977
960
21
104
859
863
17
929
384
51
176
640
111
868
16
256
342
886
862
717
456
807
792
269
360
540
982
26
605
475
604
536
746
232
729
536
404
440
464
660
269
520
126
681
860
729
10
205
415
443
204
246
338
893
101
967
663
866
223
17
365
791
965
519
16
702
399
546
624
523
220
114
746
101
795
108
150
600
919
697
97
416
133
335
951
509
989
884
565
828
188
761
895
859
41
302
115
973
941
856
700
818
806
320
676
460
63
450
143
311
258
181
70
573
903
299
594
189
411
498
765
812
542
150
660
226
762
896
55
692
511
712
41
878
949
716
169
40
42
70
658
299
771
852
157
45
378
22
818
962
46
775
874
430
978
526
334
641
163
731
216
940
242
723
953
553
387
817
929
571
22
127
542
933
79
473
343
814
467
660
428
515
887
748
124
184
736
654
136
23
714
775
709
360
645
712
192
615
520
218
931
427
669
875
84
89
426
445
668
365
21
203
466
214
230
840
42
812
374
775
295
155
886
872
450
530
26
664
960
631
105
345
70
730
375
410
200
933
72
563
493
805
900
956
396
447
155
963
521
972
249
268
833
175
149
416
834
460
768
284
363
570
120
1
10
731
344
617
455
861
468
559
623
854
404
549
566
431
143
305
621
156
731
992
384
954
35
890
176
471
971
851
493
127
943
487
381
127
812
374
964
77
272
784
738
862
475
896
465
580
261
813
150
75
425
908
5
796
698
425
268
546
923
434
68
217
603
41
103
588
950
931
207
973
918
215
534
240
514
190
623
166
199
983
473
291
426
137
130
758
577
10
623
676
419
407
669
461
910
505
846
878
274
83
849
324
207
927
790
255
482
446
904
425
873
722
415
337
965
731
128
117
267
836
25
709
40
225
723
920
293
607
566
775
40
241
270
141
544
411
941
376
151
724
618
497
318
852
436
65
432
463
349
570
164
557
79
994
878
478
291
529
441
581
926
354
351
900
726
221
711
99
984
634
478
666
996
290
557
375
179
54
614
527
55
303
133
196
840
682
232
889
436
86
788
340
360
21
82
586
652
603
260
819
420
431
19
124
254
982
59
343
70
757
557
239
88
55
460
819
281
385
833
750
13
557
89
670
170
480
702
154
404
393
983
734
229
290
535
192
256
17
360
150
117
77
918
935
445
285
966
157
729
368
864
673
421
741
882
286
621
472
224
86
512
347
744
40
515
169
823
487
551
956
854
77
615
725
930
608
509
123
997
470
854
125
813
333
59
536
874
916
710
809
939
660
609
974
725
314
262
877
387
457
982
979
338
130
39
499
981
161
326
362
875
567
622
670
43
418
626
322
942
856
98
768
153
252
48
845
755
788
667
546
835
49
463
174
253
155
714
652
448
559
936
861
409
737
629
629
251
867
713
236
215
174
806
800
507
214
66
76
537
799
619
403
776
521
363
152
671
722
895
445
649
66
283
119
944
731
250
375
449
492
326
425
652
861
930
957
2
498
820
558
270
743
648
375
799
500
399
110
603
194
202
196
132
784
25
218
953
880
340
646
889
745
967
35
365
481
45
78
866
90
891
922
340
13
653
899
901
284
688
300
261
882
949
862
659
750
222
781
254
27
943
282
511
296
776
555
662
924
271
514
505
378
804
973
980
944
363
595
539
691
557
351
927
464
576
648
942
467
35
815
9
793
612
514
75
789
638
480
946
627
28
845
852
869
54
280
236
785
940
189
979
71
427
770
130
146
716
90
5
604
259
903
678
642
471
778
79
17
118
180
831
17
619
488
785
739
497
621
504
488
997
380
126
857
479
254
200
488
669
962
367
359
62
827
608
93
250
598
9
173
663
407
93
839
293
896
59
870
40
278
628
484
807
37
340
885
94
792
704
251
274
566
784
502
785
639
456
612
280
755
355
988
685
395
201
282
674
218
476
195
290
492
319
172
355
647
549
191
752
456
767
124
131
186
318
260
59
165
442
124
822
9
468
588
126
438
445
234
351
307
624
3
358
866
78
668
687
305
614
326
35
996
485
345
395
351
732
797
417
712
682
748
697
545
990
162
845
834
946
182
484
99
981
576
686
743
731
53
88
970
698
857
19
434
984
660
372
700
824
460
127
117
236
405
348
810
568
401
484
663
710
485
486
520
559
27
856
532
179
6
994
36
219
666
701
648
342
579
776
616
781
977
492
656
664
984
680
610
794
161
395
902
406
482
607
119
341
788
963
132
976
64
533
782
259
696
807
715
335
494
510
456
832
698
570
771
760
598
771
625
863
930
903
726
179
833
801
429
234
875
96
776
44
693
330
691
400
393
260
317
893
206
434
873
926
557
302
271
43
721
806
332
81
317
243
30
680
648
206
847
432
558
638
737
980
472
426
724
154
747
90
407
301
888
639
297
227
498
180
546
352
935
137
62
7
440
561
877
834
908
726
169
182
449
569
113
880
806
322
447
319
238
165
240
433
790
158
578
130
136
491
364
468
386
959
477
741
828
671
6
908
911
747
222
280
543
531
223
71
467
121
789
64
51
485
768
3
352
251
777
585
620
343
68
248
721
803
787
910
218
489
185
537
456
976
917
459
651
91
680
689
532
804
552
477
246
104
262
732
71
766
507
103
12
160
231
386
480
665
609
100
472
52
937
327
312
618
773
568
263
350
659
403
243
610
892
666
151
634
235
512
547
991
854
837
638
818
727
136
593
152
319
608
998
374
520
694
782
34
621
679
897
800
660
682
742
758
517
391
637
727
167
793
161
501
10
705
772
559
490
966
676
342
792
981
980
295
928
154
537
657
694
568
866
523
141
586
569
1000
434
702
729
280
587
936
144
920
218
356
470
743
367
984
371
556
96
857
94
220
466
919
775
935
611
121
450
941
781
779
476
479
931
681
234
803
168
235
735
382
834
662
952
914
327
367
230
53
47
757
281
636
856
390
20
356
412
224
964
840
12
7
423
469
880
201
214
774
867
841
229
374
405
666
801
762
362
431
342
451
899
245
647
60
583
423
811
692
767
219
444
195
992
178
267
409
466
803
793
104
699
988
741
752
517
771
559
349
739
680
63
323
294
387
161
391
437
113
233
642
852
72
391
74
659
444
759
24
390
233
636
549
70
144
723
28
715
637
208
239
589
342
177
780
823
964
479
501
716
637
177
690
916
842
689
370
644
63
243
94
777
422
306
187
862
380
374
890
194
464
791
437
814
150
152
205
606
894
964
254
999
581
236
575
441
190
921
83
643
232
96
823
356
355
736
138
286
393
498
824
702
638
337
282
88
425
620
667
928
708
654
124
845
469
732
451
897
829
965
867
626
201
741
115
326
556
753
653
690
364
773
76
408
655
726
812
914
244
457
738
357
326
700
652
382
154
38
988
53
24
460
626
76
174
871
412
453
328
978
306
918
60
433
669
335
479
521
734
113
586
9
672
347
506
644
359
34
414
932
827
55
252
135
238
526
987
823
612
230
20
116
686
511
853
31
100
878
42
84
986
570
618
49
430
387
490
640
903
461
214
344
899
151
76
143
815
923
637
343
297
973
921
723
451
484
408
26
835
776
837
296
866
726
487
954
738
716
32
650
999
282
805
747
351
313
357
883
158
748
919
655
727
629
66
479
64
176
610
294
598
271
399
63
746
447
17
505
355
118
904
233
739
333
363
452
943
340
254
512
863
938
555
218
88
517
969
658
583
942
339
311
366
109
151
740
623
65
250
577
477
641
227
855
202
929
325
615
276
804
153
916
794
22
921
464
77
574
250
464
834
734
506
261
336
620
399
442
243
248
347
472
650
381
192
365
409
750
997
564
563
109
76
805
496
55
427
518
755
542
598
810
489
59
782
537
920
264
977
86
177
79
631
771
747
384
925
131
776
469
536
23
564
45
304
438
911
814
786
857
644
40
511
415
482
602
626
67
679
11
570
24
851
747
104
997
210
281
839
8
849
635
123
116
551
561
449
325
49
840
911
703
971
522
213
647
67
264
21
686
719
318
802
566
58
741
225
46
470
487
433
250
316
707
458
577
931
428
726
337
96
116
143
169
527
38
288
722
236
229
327
290
951
498
941
371
462
519
959
717
864
250
662
156
19
807
907
930
417
260
105
577
38
247
615
323
65
678
573
731
492
566
9
2
21
135
2
866
139
639
159
218
873
710
488
904
459
750
432
841
827
326
584
140
519
970
814
458
863
626
224
816
433
988
849
527
54
734
624
451
496
529
797
183
299
477
609
925
728
195
638
970
585
199
608
64
515
194
988
997
721
839
350
730
427
470
318
875
99
523
922
386
212
154
558
938
25
788
549
470
201
339
603
639
614
758
434
684
20
928
727
756
505
447
523
706
809
483
371
377
744
626
754
262
848
916
86
794
102
470
93
799
914
902
191
976
955
347
134
754
755
573
959
933
462
726
623
769
370
458
32
474
164
517
244
729
997
572
971
320
313
963
908
532
434
40
160
328
669
516
24
867
392
147
766
47
767
959
546
948
645
136
636
853
767
438
511
59
381
282
699
440
688
359
794
106
645
102
931
34
432
524
347
805
504
820
110
490
444
580
360
525
465
549
71
157
471
805
300
52
434
660
566
736
526
412
420
736
178
785
656
159
251
988
829
5
292
90
782
570
948
731
713
641
552
425
309
371
445
684
974
60
979
750
209
82
255
967
319
492
862
348
697
559
408
216
670
573
261
799
523
906
679
867
47
773
110
36
823
449
543
246
738
130
982
662
54
580
164
724
172
22
252
101
306
17
114
789
349
581
554
466
313
100
130
95
482
18
166
664
240
270
255
132
818
367
623
159
201
551
224
377
196
941
300
840
900
948
430
356
611
610
48
44
30
653
577
50
333
938
471
557
55
931
79
791
261
48
755
567
563
805
122
533
351
925
775
219
761
125
576
769
637
111
427
836
614
895
194
799
722
330
767
62
656
911
204
881
394
136
217
650
588
602
636
210
929
386
669
657
2
451
462
222
849
684
665
466
294
3
720
173
467
759
591
670
500
140
367
71
397
999
557
542
400
212
886
802
327
735
5
251
141
635
299
615
175
303
118
636
97
663
128
826
227
402
224
591
200
964
91
132
797
108
849
878
779
570
708
611
894
130
153
249
925
975
764
926
557
176
779
374
161
646
292
451
257
122
337
954
420
524
50
205
518
541
863
9
915
479
643
983
169
991
93
25
51
972
322
491
512
333
625
358
844
2
655
138
87
114
82
212
397
907
248
51
299
899
740
436
50
401
459
173
614
900
66
993
867
807
625
522
887
47
131
555
441
735
64
691
663
789
507
622
700
123
610
462
363
835
531
701
249
740
620
547
744
88
897
532
435
689
116
182
793
708
359
206
310
812
106
31
733
493
572
97
908
837
874
914
742
706
593
230
425
330
649
642
250
619
847
372
543
254
436
220
186
105
246
823
167
29
661
495
440
217
43
343
324
102
334
431
145
869
454
991
590
676
182
738
388
418
281
897
127
488
84
522
462
160
80
282
706
861
592
281
760
224
318
960
981
20
955
831
240
125
242
896
733
664
711
500
562
387
894
1
436
613
175
192
361
506
639
430
274
232
858
549
287
653
824
695
506
87
565
422
25
598
43
756
458
335
221
783
379
175
277
418
879
703
566
213
757
151
577
974
348
857
605
462
512
114
677
56
370
261
152
983
350
341
767
938
196
254
894
923
110
741
656
177
549
265
47
882
499
144
464
323
4
657
762
780
899
545
745
892
599
579
630
140
418
223
861
71
516
510
391
813
896
965
889
905
345
10
758
634
880
650
665
899
657
759
788
83
870
19
528
271
439
896
552
441
395
884
26
662
48
82
970
442
452
987
241
957
70
112
772
580
194
848
868
740
952
382
520
446
70
941
274
379
460
5
659
253
293
584
566
743
250
48
896
457
189
237
670
611
403
941
891
759
716
278
539
28
295
463
831
747
528
39
693
524
253
168
980
382
231
458
147
889
586
697
357
430
862
639
274
374
89
223
722
753
707
651
13
3
379
219
649
609
639
47
737
927
564
598
635
2
977
538
681
926
457
579
30
487
374
976
143
524
952
201
98
315
862
96
506
538
419
189
358
984
887
629
342
299
365
598
526
298
840
590
858
225
225
732
3
319
365
312
115
739
578
768
617
33
474
557
877
274
231
86
271
574
503
260
562
232
366
852
385
107
857
592
539
649
981
172
659
618
477
16
3
780
934
170
707
266
319
266
897
221
748
764
131
651
905
405
322
110
515
453
448
918
894
618
186
629
895
574
656
680
471
368
265
703
220
63
346
142
690
269
870
30
493
402
681
464
584
319
994
995
715
867
265
742
27
319
65
599
537
240
955
572
729
741
518
964
28
370
557
620
65
161
436
848
51
936
226
164
648
685
452
685
821
927
173
15
240
799
767
588
23
867
222
159
721
513
957
34
365
27
701
70
981
472
673
603
500
704
774
442
799
974
908
963
724
157
496
126
132
899
892
622
644
921
426
902
428
818
78
501
828
313
47
805
183
595
871
656
148
996
228
72
905
445
504
717
580
822
35
248
768
376
797
549
828
51
518
807
891
472
624
772
17
515
716
639
417
479
599
861
963
637
200
806
736
485
847
583
386
277
884
616
667
499
122
182
657
589
890
76
774
308
197
185
673
730
121
220
806
467
317
822
424
610
663
253
269
6
173
840
413
492
601
865
599
554
918
959
424
395
703
550
646
956
106
438
104
972
847
742
3
829
524
857
168
307
113
679
398
284
747
779
660
519
639
45
409
966
811
262
519
696
441
164
791
882
383
155
823
735
825
372
571
212
453
264
710
449
850
925
482
449
691
135
936
997
273
872
426
452
364
34
69
831
58
450
382
395
469
154
169
677
471
33
290
630
870
218
876
610
283
994
295
926
961
564
942
318
234
117
928
820
466
215
30
477
691
351
971
943
124
652
691
903
338
702
49
22
981
403
120
535
297
483
612
71
356
145
456
158
279
393
797
685
972
511
653
829
743
947
378
634
46
48
540
497
191
539
893
220
388
151
706
574
832
159
834
970
859
221
35
547
824
252
981
672
103
570
243
379
379
980
627
667
343
508
958
615
303
837
370
567
356
156
809
958
309
391
590
373
512
22
480
789
307
289
455
268
567
341
986
459
248
756
621
570
198
340
560
957
744
45
768
147
939
421
872
542
599
372
246
465
226
426
599
261
303
423
815
313
974
885
37
126
810
414
566
967
51
904
667
778
568
704
976
112
917
491
682
575
932
220
197
660
952
385
171
617
915
335
459
965
223
386
531
741
702
56
109
422
711
716
508
719
831
292
242
897
277
64
882
313
822
325
680
867
337
279
901
1
884
632
849
436
901
761
42
61
530
630
519
332
574
720
726
873
109
713
988
447
154
672
685
894
66
17
16
412
153
931
936
829
877
566
404
215
209
380
343
932
390
672
733
969
718
637
554
318
661
421
725
608
25
101
22
415
336
362
549
115
621
349
564
847
627
452
96
477
194
880
603
813
313
474
674
272
924
806
363
736
623
286
754
862
597
802
983
132
763
572
235
891
912
342
772
176
396
92
30
158
89
793
787
327
124
480
760
568
672
254
81
727
787
228
11
422
173
150
520
890
563
706
933
587
886
907
633
203
870
511
335
207
698
478
788
444
713
12
210
293
585
663
202
177
936
247
568
94
256
436
193
988
621
641
162
43
129
165
334
698
729
883
771
755
121
477
101
998
885
446
450
556
857
184
233
836
4
857
143
446
8
452
698
719
567
659
321
430
688
822
637
802
254
444
113
672
597
288
126
864
213
400
41
607
755
895
797
162
68
805
810
244
661
575
469
6
361
994
465
580
149
540
15
498
873
7
259
787
668
523
994
776
981
261
165
919
13
295
3
617
345
267
651
266
400
810
280
290
315
638
101
115
578
721
40
741
158
762
577
889
404
691
756
274
637
437
370
865
166
999
109
494
341
884
634
225
940
62
630
147
323
707
5
634
386
776
58
40
692
743
680
666
706
218
865
249
184
993
145
228
872
665
67
766
483
496
979
234
789
332
278
549
478
812
173
737
499
300
490
672
262
332
898
977
868
659
256
842
49
948
123
801
413
988
950
246
631
4
264
225
861
195
566
806
4
886
286
918
459
37
613
687
625
704
294
752
549
278
102
6
12
296
610
844
697
666
120
113
519
445
238
462
212
861
828
692
518
821
921
809
300
47
969
498
764
16
33
142
522
906
782
271
390
524
974
563
188
980
545
38
378
77
229
449
234
102
543
173
594
665
244
579
152
211
248
111
719
534
665
597
198
372
671
718
821
276
740
497
251
704
285
375
523
179
241
711
657
812
593
961
723
711
628
321
274
435
815
827
736
42
127
172
968
698
116
500
555
114
664
987
321
799
192
257
259
22
561
694
325
113
361
991
492
942
163
369
361
312
255
710
261
924
952
237
36
417
43
101
951
303
306
689
779
301
946
225
415
117
593
170
785
291
277
833
304
108
584
196
511
215
792
999
269
856
988
248
746
25
414
688
542
580
679
539
754
748
116
290
389
721
804
677
582
506
498
388
229
713
220
97
459
41
2
119
331
888
170
908
846
319
349
448
77
986
401
352
842
951
473
996
84
376
864
564
397
235
767
766
861
58
465
257
898
895
407
636
805
521
366
582
771
372
90
49
256
451
125
135
231
29
642
82
3
281
307
726
303
619
616
470
207
35
72
903
200
494
1000
546
333
280
622
747
794
496
225
325
681
192
840
529
909
202
698
748
254
831
346
735
745
573
557
636
879
705
652
887
251
195
25
338
934
150
741
975
992
610
366
757
808
169
894
842
404
480
784
405
261
255
33
124
682
262
123
132
492
307
951
354
171
899
409
355
579
4
568
343
758
854
176
553
356
518
504
160
796
324
605
462
614
192
344
11
412
586
641
269
349
491
548
940
206
896
402
613
83
794
484
457
699
322
862
224
558
780
799
913
768
418
460
838
736
220
171
338
406
61
868
195
137
431
183
412
29
358
479
675
333
669
324
529
344
470
401
887
39
22
539
392
534
794
113
307
355
403
947
75
13
10
311
632
905
118
134
390
252
924
186
682
187
581
124
291
204
517
877
478
413
636
183
145
960
921
695
154
244
842
368
395
437
732
365
666
284
982
348
850
255
516
288
485
9
933
552
121
322
434
822
980
633
743
12
918
527
663
408
515
108
927
144
907
931
663
696
403
571
845
520
594
227
351
625
521
888
546
213
895
604
79
936
320
769
527
135
689
741
189
835
761
451
458
721
749
243
318
854
747
907
422
536
489
625
946
436
412
500
68
516
139
359
484
122
104
789
515
252
507
188
666
355
301
753
387
133
688
152
563
157
996
155
194
781
989
778
241
552
777
339
819
254
615
250
129
71
420
56
684
181
283
696
467
8
544
675
652
197
94
835
210
613
542
773
937
541
300
406
975
740
924
15
991
315
474
821
182
973
458
717
382
884
865
307
756
688
347
840
395
139
545
329
576
989
190
182
859
784
19
153
971
357
360
951
880
299
353
319
99
765
791
319
65
471
775
985
859
399
156
906
561
567
614
330
578
888
88
359
642
992
940
431
308
480
364
883
639
559
1
948
585
152
49
822
865
543
934
892
512
438
477
769
711
220
819
561
494
767
84
663
883
514
567
231
628
455
513
95
155
783
119
873
632
461
616
636
872
309
940
614
806
515
302
753
252
1
606
859
335
848
976
888
766
174
365
204
620
762
94
799
933
779
315
3
688
136
632
158
156
498
356
789
358
411
756
334
342
71
186
832
484
685
851
643
805
149
592
824
229
57
875
576
17
673
392
441
803
60
77
249
328
208
899
176
998
997
605
393
550
416
956
130
40
177
656
132
804
890
331
168
99
365
509
290
285
278
636
778
53
653
24
670
660
328
491
388
120
90
741
377
79
485
84
939
378
497
674
525
636
355
225
644
477
672
692
146
114
756
280
396
573
330
164
834
681
289
384
87
613
621
429
781
992
4
795
62
544
780
199
912
287
832
364
467
583
707
688
669
181
126
563
420
98
585
425
121
823
282
606
714
31
681
872
896
690
189
944
989
369
524
133
186
77
787
722
695
654
475
823
819
788
516
421
311
513
261
273
888
356
840
845
399
378
499
624
382
7
25
81
332
618
245
515
793
556
237
975
76
116
775
518
748
703
109
226
847
25
902
492
795
174
453
289
111
778
293
496
682
920
266
737
69
601
392
931
362
864
556
615
423
447
928
898
428
547
159
212
842
242
536
806
265
281
167
547
39
5
88
376
545
711
391
150
998
317
345
72
291
5
344
570
509
701
887
384
983
237
280
542
212
96
864
257
708
635
21
696
619
701
9
658
906
576
865
196
167
916
742
888
237
712
366
734
64
345
40
955
343
42
528
267
39
176
401
8
631
726
294
523
643
382
782
961
312
459
557
489
78
147
655
378
844
883
947
385
797
445
611
821
475
545
563
242
853
887
731
228
423
278
936
6
300
212
609
711
841
318
928
602
84
22
142
729
661
264
559
325
784
423
425
392
280
791
409
769
677
33
34
404
45
699
410
727
220
332
198
132
538
771
376
37
156
477
451
471
219
716
359
347
717
547
858
939
500
797
59
801
779
924
456
17
734
465
557
207
156
51
291
138
594
950
128
601
987
503
299
796
132
324
640
512
30
10
280
607
90
62
262
252
142
550
394
589
183
415
415
183
87
429
86
759
726
486
787
153
538
760
530
212
675
592
629
720
286
771
743
178
870
595
924
516
285
187
492
410
897
467
316
197
417
69
377
161
311
439
274
692
797
386
824
307
11
766
319
926
496
289
738
122
537
481
70
67
686
63
414
15
293
692
684
234
847
933
114
941
685
176
507
389
896
208
336
405
304
100
108
537
693
692
259
82
307
1
623
588
832
343
503
430
609
172
244
33
747
23
235
229
126
739
90
694
459
141
784
16
458
511
772
713
930
440
366
59
450
62
22
150
114
870
130
238
646
187
635
600
865
359
721
701
630
447
323
421
134
153
417
668
581
122
136
683
4
53
994
42
269
302
302
772
463
980
532
64
830
539
308
373
314
322
534
498
732
264
914
833
820
951
909
197
742
329
115
623
691
121
246
443
743
262
637
27
158
29
292
716
735
369
757
530
40
940
155
369
611
289
710
752
569
605
296
502
750
381
63
780
572
584
351
777
966
668
96
475
703
454
945
277
254
704
865
403
724
831
404
999
185
711
136
527
715
435
91
88
656
910
519
47
98
43
130
712
491
738
79
169
530
381
128
137
300
952
299
909
348
751
914
648
715
325
800
674
931
304
910
836
564
849
941
570
349
476
909
846
521
156
410
813
88
598
663
994
298
745
24
510
671
588
544
881
334
671
546
961
918
298
96
226
438
741
963
871
379
725
650
951
928
652
187
876
520
890
559
115
170
43
402
462
444
534
387
718
234
381
510
595
355
450
870
887
95
249
988
950
178
800
873
323
931
997
392
638
609
856
185
402
325
225
538
1000
19
400
677
159
455
909
531
985
689
124
225
646
70
646
825
660
996
414
481
578
567
884
525
407
633
931
80
799
934
353
596
438
186
30
248
570
525
672
937
506
750
628
992
676
928
984
685
915
997
1
970
131
614
374
519
726
177
223
381
456
65
150
822
235
45
138
127
613
107
504
752
688
742
597
708
437
182
462
554
641
368
728
18
329
972
348
64
517
852
684
243
41
440
254
756
125
869
537
296
561
275
808
592
944
588
717
454
352
881
535
983
596
452
386
431
795
546
168
203
965
776
647
124
937
594
570
409
93
554
303
775
396
244
276
730
836
939
885
603
825
914
958
708
834
376
307
272
605
742
540
12
80
228
789
185
561
135
671
174
385
738
566
336
361
89
105
107
90
247
476
130
948
583
977
782
351
304
977
592
15
929
118
427
120
207
814
35
158
406
198
979
499
221
515
18
393
266
927
225
406
355
77
460
45
795
501
138
358
585
949
222
262
980
746
913
834
271
585
753
911
181
823
144
764
736
776
849
846
607
99
260
359
34
162
136
712
685
570
22
146
133
430
241
260
859
997
984
503
426
279
281
472
807
900
774
209
210
550
551
41
440
535
279
705
559
351
778
874
6
181
554
66
486
814
533
575
425
278
389
73
600
640
658
884
125
921
846
380
39
681
687
168
597
128
951
986
81
122
491
103
578
932
690
711
734
820
651
909
342
374
354
492
368
193
311
597
795
19
886
478
626
683
353
100
127
367
198
1000
949
587
864
327
541
919
887
56
351
78
676
512
236
385
571
541
457
677
743
303
95
888
265
747
300
182
891
797
110
831
248
418
560
438
515
442
878
132
735
450
362
599
387
564
846
784
242
315
857
13
407
999
371
382
78
747
308
34
513
878
560
306
570
118
513
152
824
342
421
298
639
945
551
602
440
639
700
54
448
516
323
554
603
848
872
435
866
32
324
994
406
642
949
689
840
129
258
792
82
4
625
426
827
1000
436
164
102
277
927
356
986
555
544
763
716
572
300
444
586
881
69
322
31
635
739
696
493
986
185
897
538
421
778
47
985
149
590
927
960
328
599
775
374
198
602
713
73
125
910
338
979
337
722
479
522
57
104
737
814
335
85
999
34
393
899
652
32
976
196
118
105
793
854
97
137
644
458
871
771
784
748
3
928
111
699
677
224
277
761
910
499
402
234
167
125
450
138
98
748
24
726
896
574
500
10
861
600
902
273
751
222
353
433
689
88
878
885
548
127
652
43
764
686
599
113
283
48
842
809
925
358
755
713
778
143
808
47
178
877
148
145
543
248
894
783
28
671
594
123
88
671
660
3
663
557
264
880
645
808
161
826
317
542
391
907
950
281
79
829
432
218
85
398
854
805
117
137
715
484
162
926
517
723
292
164
384
461
355
775
988
464
409
466
31
629
580
285
119
45
593
903
688
58
662
325
510
301
813
204
567
945
850
494
699
642
773
532
964
924
988
123
440
559
772
100
560
688
713
927
36
924
829
848
628
464
505
646
927
499
755
320
491
496
269
357
261
866
994
271
670
753
279
407
420
663
60
665
830
872
163
429
608
944
998
308
622
85
942
868
225
937
86
836
700
196
720
488
135
82
398
560
873
433
2
21
673
105
493
614
267
251
445
24
634
217
804
833
220
261
517
939
533
52
148
709
371
775
302
298
655
897
535
516
741
674
232
33
800
382
435
736
62
927
760
945
357
378
915
154
727
340
118
954
47
288
505
629
245
556
994
260
106
872
461
828
80
988
49
437
74
255
364
43
83
15
665
425
422
178
151
463
467
658
508
27
868
547
364
419
497
188
471
225
652
914
430
842
192
106
175
281
636
285
759
970
284
775
926
275
719
755
181
85
546
805
14
218
769
542
995
901
308
136
88
719
508
433
991
289
705
53
716
83
613
928
216
487
310
483
366
533
425
585
888
663
250
41
485
971
357
449
111
565
489
729
263
224
481
678
514
410
81
882
246
813
972
997
179
39
375
245
485
94
522
847
380
725
913
918
166
672
55
105
762
100
945
970
282
847
261
523
124
899
999
706
226
191
872
313
395
919
746
175
357
208
740
850
171
472
138
517
501
909
948
444
65
701
808
408
574
127
997
464
152
972
674
469
910
19
644
368
996
801
563
554
125
628
963
853
358
980
139
340
463
288
646
882
28
417
365
755
835
865
684
403
667
947
182
778
587
907
851
814
859
265
552
880
982
89
52
421
390
385
726
52
252
301
45
718
329
438
138
873
267
986
758
767
303
182
322
645
703
559
841
534
469
806
680
967
534
372
881
51
323
324
24
967
433
724
296
11
170
501
151
962
86
259
392
942
864
627
979
785
236
489
91
910
208
538
112
571
632
704
303
867
199
381
822
735
283
746
959
177
336
826
691
418
905
920
284
409
394
364
988
688
825
790
553
88
332
236
473
40
840
446
548
539
736
102
378
948
179
511
231
657
132
435
61
127
211
682
461
603
331
846
904
985
876
383
662
856
306
713
610
507
64
135
694
923
247
587
204
983
289
231
318
705
459
511
964
778
876
931
890
837
293
855
278
685
810
315
136
512
83
425
610
833
645
384
182
660
745
280
524
411
376
167
329
731
345
475
737
457
667
112
770
303
326
452
553
507
924
1
374
545
645
679
516
883
788
152
392
643
349
325
508
748
225
267
391
357
659
472
632
680
395
455
28
789
432
661
315
838
648
820
899
579
850
375
504
349
915
955
840
100
367
350
198
219
342
219
483
568
439
656
271
742
304
518
327
346
618
864
786
354
908
686
565
729
99
137
987
264
509
474
76
668
467
946
945
329
707
479
484
730
304
633
673
740
950
603
447
926
667
564
705
648
647
851
745
21
751
507
925
783
520
276
557
592
721
172
682
626
505
16
765
101
370
513
951
921
808
350
862
615
936
155
858
329
387
428
695
160
230
925
46
593
529
381
745
872
600
15
729
84
433
9
685
830
472
927
360
75
376
243
135
392
702
892
865
470
180
784
210
166
954
788
658
817
59
260
941
587
289
990
124
365
307
582
86
340
655
364
801
71
257
951
74
613
467
450
295
309
938
659
276
587
182
870
678
298
741
447
263
392
527
51
164
773
58
895
660
834
504
581
413
12
672
871
78
378
978
608
260
746
339
341
600
85
573
257
408
730
738
229
837
756
723
967
123
364
556
62
333
310
240
795
976
542
890
475
263
697
695
843
920
395
618
983
53
27
349
534
975
30
837
191
554
341
563
91
696
61
722
724
469
997
645
469
930
166
986
343
73
859
407
106
406
69
455
207
120
60
365
874
987
87
433
490
976
763
80
94
559
914
529
962
690
300
245
370
887
486
460
318
824
205
553
632
311
580
669
736
524
339
409
266
26
765
470
142
519
167
80
172
59
989
167
962
592
628
558
414
275
393
811
354
905
584
38
68
455
150
982
915
362
69
628
484
797
713
219
725
883
161
95
411
811
956
429
427
646
341
452
480
261
828
957
297
862
684
365
244
968
981
811
620
700
445
79
20
176
322
416
67
181
893
706
15
856
977
650
702
662
432
529
334
363
817
997
646
584
971
987
488
127
516
364
426
745
741
602
547
409
893
95
197
497
98
879
804
941
538
838
807
649
580
837
393
889
231
486
254
992
475
549
674
384
568
981
745
528
107
164
120
230
203
696
928
534
649
688
709
170
52
604
561
557
986
700
848
48
835
139
601
730
831
775
755
419
975
688
249
8
846
523
548
730
834
208
237
390
127
683
413
827
390
690
156
626
172
546
636
475
573
327
766
728
642
640
220
334
457
931
976
233
475
375
522
232
221
680
967
480
153
768
893
488
272
237
993
846
451
773
1
566
992
966
461
653
853
24
643
150
290
870
991
829
890
842
931
36
639
789
754
930
190
949
928
504
179
931
589
53
844
219
223
424
965
617
529
668
450
464
204
789
969
434
42
861
729
229
144
455
943
329
822
268
86
856
612
915
754
177
613
268
986
648
286
960
367
956
814
555
748
478
936
985
541
338
314
895
679
146
781
774
383
521
723
951
596
495
534
855
726
536
306
850
324
28
644
295
141
51
323
863
202
726
232
564
861
4
996
110
940
414
80
550
976
932
562
871
981
18
723
480
935
828
465
731
978
81
394
622
239
815
430
771
746
721
138
635
757
663
584
480
325
965
426
485
906
879
564
153
709
260
136
715
777
583
632
659
952
986
434
533
413
24
28
238
412
706
203
983
911
515
106
199
817
51
60
742
518
984
655
211
892
406
887
581
39
870
742
405
483
873
989
800
754
572
96
122
569
290
542
564
916
654
987
759
534
759
932
543
204
597
260
696
317
388
61
384
985
224
879
19
178
933
454
556
584
943
515
33
98
852
228
187
914
401
919
50
394
816
638
423
454
219
504
884
546
314
463
963
907
135
202
415
123
556
391
809
214
386
91
329
480
529
47
688
415
761
332
942
92
910
900
303
467
931
191
280
946
524
421
895
527
846
578
206
127
172
958
503
562
337
495
617
861
73
112
976
306
760
450
622
521
507
627
285
315
891
539
48
360
310
559
625
247
517
361
780
965
414
323
54
1
984
855
654
554
655
238
221
359
44
348
925
795
409
130
887
931
97
2
295
398
290
767
984
591
994
18
918
893
831
425
568
790
335
345
477
169
948
127
564
625
459
793
76
331
763
442
498
774
463
305
2
92
661
704
76
83
140
880
651
60
400
461
243
908
793
935
546
546
25
692
188
291
391
669
712
162
892
580
343
447
158
451
869
317
824
126
198
517
717
476
866
707
49
914
827
891
415
865
780
980
62
547
790
974
229
441
500
231
899
462
672
231
72
486
606
396
714
39
560
729
952
310
649
23
818
68
560
41
764
768
272
199
697
91
650
383
440
63
490
532
739
50
994
916
784
95
251
554
545
153
391
768
157
987
478
612
865
342
419
108
939
403
401
89
305
327
660
29
111
976
961
294
693
445
967
825
26
703
818
711
686
367
775
201
638
136
733
123
941
858
386
398
91
347
419
622
685
141
847
372
645
758
937
670
384
606
907
748
76
158
344
355
802
595
15
486
123
801
539
942
145
684
967
284
994
287
68
717
292
277
90
815
974
453
354
253
946
407
382
940
1000
904
621
474
373
760
676
872
597
690
798
329
346
172
816
290
472
818
349
773
857
790
325
531
410
863
574
434
355
521
723
373
691
895
845
455
363
118
768
181
530
145
340
383
301
641
756
346
456
819
117
709
283
847
839
271
244
536
574
914
971
251
895
784
390
317
137
975
613
810
914
524
824
342
506
478
960
770
541
428
180
628
433
401
331
647
421
679
715
616
926
99
569
147
944
500
165
247
337
475
507
601
348
847
509
804
281
18
842
16
586
4
122
308
114
743
835
484
170
211
538
447
211
786
461
677
385
742
323
979
376
719
978
723
954
733
990
511
356
769
554
152
538
517
787
140
681
165
653
920
573
198
447
809
706
370
90
21
738
280
47
726
791
574
793
121
747
616
505
38
644
337
284
726
702
354
383
226
471
267
960
883
56
554
379
619
826
318
94
677
751
719
792
149
654
797
95
336
339
503
525
492
539
620
957
512
261
212
421
202
414
358
263
169
366
537
723
64
947
192
708
830
538
561
967
90
701
950
126
399
178
550
852
278
559
511
294
356
64
59
905
569
614
478
850
210
539
83
908
384
987
895
687
543
400
299
795
849
639
146
397
359
584
360
431
896
94
195
95
98
317
641
238
545
184
391
88
990
321
601
9
900
224
641
794
6
512
441
582
580
715
995
734
637
175
680
384
846
329
307
240
298
364
950
876
946
152
714
744
857
439
500
983
557
803
55
986
343
926
624
48
881
957
682
561
821
807
627
805
205
789
49
592
969
91
71
904
400
249
298
685
860
354
55
296
683
846
42
470
759
727
288
895
123
215
751
565
817
515
50
281
625
301
404
49
508
94
947
828
136
139
473
18
738
378
332
540
16
781
595
890
601
540
445
493
835
872
890
300
56
603
184
273
847
168
728
490
467
367
891
850
880
449
991
446
784
720
785
608
12
685
889
561
280
418
317
659
469
184
922
52
641
847
50
342
58
555
176
162
970
396
376
725
992
901
363
536
632
186
730
281
430
226
60
872
886
547
866
623
480
739
682
490
338
21
409
676
739
285
313
622
764
987
79
185
992
194
518
213
310
315
288
723
797
593
386
480
788
883
636
467
615
214
907
715
669
82
885
196
583
936
701
851
346
598
434
878
946
490
455
83
482
95
927
851
912
36
68
171
624
925
546
428
871
22
652
989
611
825
43
116
471
862
322
7
838
17
112
149
956
305
80
183
743
979
251
353
496
662
129
931
252
750
524
627
165
888
682
632
340
230
127
688
926
460
991
963
734
177
433
744
381
643
166
42
405
573
938
133
431
896
637
366
189
343
467
78
710
775
954
667
604
580
977
946
663
375
27
661
50
669
548
101
126
340
90
729
745
976
364
377
395
443
235
981
356
384
691
859
125
676
495
38
529
387
508
161
8
123
639
238
640
695
64
949
325
671
792
287
698
485
128
239
570
286
73
418
872
955
738
108
596
649
953
648
52
675
80
815
925
307
840
752
138
113
825
590
130
494
766
977
226
964
806
355
535
763
847
936
122
294
247
55
49
719
214
909
355
858
763
931
939
300
368
894
969
588
181
413
914
623
402
813
29
990
155
729
549
764
521
942
171
362
208
995
71
687
414
697
116
75
875
969
276
438
608
756
684
190
650
759
21
586
813
244
201
214
995
154
122
827
614
26
539
286
4
917
104
497
49
14
923
596
907
407
233
672
331
604
711
908
22
850
957
542
430
495
291
452
762
912
1
637
591
14
208
82
108
492
768
495
388
503
798
841
511
329
609
804
162
380
975
239
331
391
405
333
812
403
567
850
146
720
383
708
900
41
930
268
802
255
881
800
598
567
872
997
819
780
804
843
296
817
553
874
360
253
864
106
77
439
802
833
348
35
868
986
221
915
988
524
105
477
573
754
496
917
707
243
619
294
632
363
305
416
5
336
207
226
724
855
954
149
687
652
567
330
610
652
396
23
734
452
108
133
844
789
727
357
151
798
49
91
804
593
148
399
266
207
117
148
212
150
266
959
487
593
852
726
282
350
624
444
884
196
465
348
758
842
241
261
266
203
310
58
231
415
22
640
554
885
907
483
100
162
942
113
319
819
654
344
391
708
399
782
599
617
209
241
954
998
767
203
208
385
236
403
456
364
401
745
92
508
901
93
38
991
585
472
308
474
622
374
177
147
226
201
167
581
486
733
252
63
515
150
492
985
207
167
580
483
816
921
305
65
783
762
938
455
654
330
604
30
742
587
223
214
206
93
108
385
504
199
364
687
318
756
943
271
126
778
442
17
747
324
581
912
923
348
232
254
78
372
375
261
388
874
754
119
77
661
993
464
23
759
486
523
922
472
265
483
405
159
154
869
500
752
82
566
645
721
444
585
459
92
714
545
154
104
712
814
716
557
675
803
653
139
419
40
831
397
701
874
335
872
164
925
408
320
758
268
792
150
261
425
988
573
229
129
29
414
876
385
336
852
129
378
607
267
660
910
407
439
903
738
42
849
478
2
338
406
428
262
788
195
362
64
930
856
648
445
419
79
593
812
112
840
551
265
638
991
42
873
704
506
282
388
517
614
421
676
56
91
505
11
157
130
93
497
938
823
285
582
779
455
790
645
104
687
865
559
73
612
116
283
793
509
908
781
517
118
729
770
29
643
221
832
714
613
889
259
936
604
53
641
624
106
350
795
109
816
433
387
475
198
812
166
477
857
428
726
297
28
819
314
844
271
977
864
962
393
27
31
470
773
888
750
286
983
702
430
362
632
909
792
776
914
36
586
180
504
132
384
459
486
819
203
824
613
214
75
435
816
663
482
144
828
529
821
651
293
670
125
81
444
311
754
607
928
738
645
647
487
250
596
638
294
353
203
817
156
587
874
918
700
351
854
366
444
769
494
646
261
718
406
408
951
444
904
752
64
909
126
552
539
824
718
337
202
170
67
809
636
347
279
462
430
824
354
623
202
583
855
80
546
483
395
951
202
224
895
650
154
889
911
561
100
484
881
590
271
256
739
18
785
14
672
192
261
95
743
31
365
506
550
247
537
348
127
782
328
88
636
416
167
786
512
189
676
767
184
241
757
761
381
790
990
132
686
424
584
713
226
237
539
296
13
160
963
948
628
211
722
962
825
827
483
423
316
845
100
610
366
289
615
110
971
315
853
656
624
114
111
139
946
731
619
293
649
474
521
672
640
487
437
810
676
375
210
914
836
187
615
367
659
253
931
641
391
757
430
371
414
634
450
73
496
379
668
334
794
903
313
688
640
381
243
37
579
169
84
485
245
908
737
283
401
263
362
266
110
384
53
232
998
676
793
599
905
807
739
427
297
172
347
951
485
669
148
364
203
217
314
304
555
450
599
126
694
258
60
279
357
846
341
782
782
549
853
993
991
254
573
511
150
462
707
851
499
16
27
473
846
931
232
485
491
524
145
227
781
942
397
435
181
171
501
232
669
225
271
484
76
298
951
305
400
501
219
979
407
279
588
263
86
761
907
323
529
68
770
892
974
882
138
973
820
307
467
338
956
474
835
251
530
713
180
957
193
